cpu0
364800 0
460800 0
556800 165881
672000 108331
787200 104625
902400 41567
1017600 62068
1132800 23895
1248000 26318
1344000 35229
1459200 14967
1574400 10960
1689600 9731
1804800 40493
1920000 365
2035200 2143
2150400 300
2265600 22621
cpu2
499200 0
614400 444437
729600 2346
844800 138568
960000 4753
1075200 12255
1190400 4052
1286400 2451
1401600 2471
1497600 1574
1612800 9136
1708800 1559
1824000 1797
1920000 1334
2035200 1536
2131200 1146
2188800 669
2246400 586
2323200 832
2380800 590
2438400 1118
2515200 820
2572800 15025
2630400 449
2707200 15244
2764800 105
2841600 105
2899200 103
2956800 103
3014400 104
3072000 110
3148800 4112
cpu5
499200 554782
614400 45261
729600 6356
844800 12443
960000 3069
1075200 5524
1190400 6275
1286400 846
1401600 962
1497600 703
1612800 4079
1708800 779
1824000 968
1920000 763
2035200 852
2131200 671
2188800 383
2246400 339
2323200 466
2380800 345
2438400 764
2515200 554
2572800 11551
2630400 340
2707200 7339
2764800 118
2841600 120
2899200 116
2956800 2732
cpu7
480000 0
576000 0
672000 438588
787200 20
902400 211560
1017600 348
1132800 838
1248000 103
1363200 94
1478400 82
1593600 89
1708800 58
1824000 44
1939200 47
2035200 256
2112000 125
2169600 5358
2246400 638
2304000 12
2380800 59
2438400 110
2496000 108
2553600 111
2630400 108
2688000 123
2745600 4710
2803200 1019
2880000 100
2937600 447
2995200 100
3052800 844
3110400 300
3187200 0
3244800 220
3302400 2888
